   VG at diff span location but fixed height (dz=0)
   r(in)           y=46.5          y=52.5          y=58.5          wing only (no VG)
   3.7941176e-01   6.3076755e-01   6.3441740e-01   6.3727173e-01   6.7234435e-01
   1.1382353e+00   6.3012421e-01   6.3387109e-01   6.3679553e-01   6.7231825e-01
   1.8970588e+00   6.2943842e-01   6.3328590e-01   6.3628285e-01   6.7226602e-01
   2.6558824e+00   6.2870946e-01   6.3266128e-01   6.3573326e-01   6.7218758e-01
   3.4147059e+00   6.2793655e-01   6.3199662e-01   6.3514623e-01   6.7208279e-01
   4.1735294e+00   6.2711880e-01   6.3129123e-01   6.3452121e-01   6.7195149e-01
   4.9323529e+00   6.2625529e-01   6.3054437e-01   6.3385757e-01   6.7179349e-01
   5.6911765e+00   6.2534499e-01   6.2975522e-01   6.3315463e-01   6.7160852e-01
   6.4500000e+00   6.2438680e-01   6.2892290e-01   6.3241165e-01   6.7139630e-01
   7.2088235e+00   6.2337954e-01   6.2804646e-01   6.3162780e-01   6.7115649e-01
   7.9676471e+00   6.2232193e-01   6.2712487e-01   6.3080222e-01   6.7088869e-01
   8.7264706e+00   6.2121262e-01   6.2615701e-01   6.2993395e-01   6.7059249e-01
   9.4852941e+00   6.2005014e-01   6.2514170e-01   6.2902198e-01   6.7026740e-01
   1.0244118e+01   6.1883295e-01   6.2407767e-01   6.2806519e-01   6.6991288e-01
   1.1002941e+01   6.1755939e-01   6.2296356e-01   6.2706243e-01   6.6952836e-01
   1.1761765e+01   6.1622768e-01   6.2179790e-01   6.2601243e-01   6.6911320e-01
   1.2520588e+01   6.1483595e-01   6.2057916e-01   6.2491385e-01   6.6866669e-01
   1.3279412e+01   6.1338219e-01   6.1930566e-01   6.2376525e-01   6.6818809e-01
   1.4038235e+01   6.1186429e-01   6.1797567e-01   6.2256510e-01   6.6767657e-01
   1.4797059e+01   6.1027999e-01   6.1658729e-01   6.2131176e-01   6.6713125e-01
   1.5555882e+01   6.0862689e-01   6.1513853e-01   6.2000349e-01   6.6655117e-01
   1.6314706e+01   6.0690247e-01   6.1362729e-01   6.1863845e-01   6.6593531e-01
   1.7073529e+01   6.0510404e-01   6.1205129e-01   6.1721467e-01   6.6528256e-01
   1.7832353e+01   6.0322875e-01   6.1040816e-01   6.1573004e-01   6.6459173e-01
   1.8591176e+01   6.0127359e-01   6.0869534e-01   6.1418233e-01   6.6386154e-01
   1.9350000e+01   5.9923540e-01   6.0691014e-01   6.1256918e-01   6.6309064e-01
   2.0108824e+01   5.9711080e-01   6.0504969e-01   6.1088805e-01   6.6227756e-01
   2.0867647e+01   5.9489626e-01   6.0311095e-01   6.0913627e-01   6.6142071e-01
   2.1626471e+01   5.9258806e-01   6.0109068e-01   6.0731098e-01   6.6051842e-01
   2.2385294e+01   5.9018225e-01   5.9898547e-01   6.0540913e-01   6.5956889e-01
   2.3144118e+01   5.8767471e-01   5.9679166e-01   6.0342750e-01   6.5857017e-01
   2.3902941e+01   5.8506112e-01   5.9450540e-01   6.0136265e-01   6.5752021e-01
   2.4661765e+01   5.8233696e-01   5.9212258e-01   5.9921090e-01   6.5641677e-01
   2.5420588e+01   5.7949750e-01   5.8963887e-01   5.9696836e-01   6.5525748e-01
   2.6179412e+01   5.7653785e-01   5.8704964e-01   5.9463086e-01   6.5403978e-01
   2.6938235e+01   5.7345294e-01   5.8435000e-01   5.9219398e-01   6.5276094e-01
   2.7697059e+01   5.7023756e-01   5.8153477e-01   5.8965299e-01   6.5141801e-01
   2.8455882e+01   5.6688642e-01   5.7859846e-01   5.8700284e-01   6.5000784e-01
   2.9214706e+01   5.6339416e-01   5.7553524e-01   5.8423816e-01   6.4852703e-01
   2.9973529e+01   5.5975546e-01   5.7233897e-01   5.8135319e-01   6.4697192e-01
   3.0732353e+01   5.5596515e-01   5.6900313e-01   5.7834180e-01   6.4533858e-01
   3.1491176e+01   5.5201833e-01   5.6552087e-01   5.7519742e-01   6.4362278e-01
   3.2250000e+01   5.4791059e-01   5.6188495e-01   5.7191303e-01   6.4181995e-01
   3.3008824e+01   5.4363829e-01   5.5808777e-01   5.6848113e-01   6.3992516e-01
   3.3767647e+01   5.3919890e-01   5.5412136e-01   5.6489369e-01   6.3793307e-01
   3.4526471e+01   5.3459158e-01   5.4997742e-01   5.6114208e-01   6.3583793e-01
   3.5285294e+01   5.2981787e-01   5.4564731e-01   5.5721710e-01   6.3363347e-01
   3.6044118e+01   5.2488278e-01   5.4112210e-01   5.5310886e-01   6.3131294e-01
   3.6802941e+01   5.1979630e-01   5.3639268e-01   5.4880677e-01   6.2886897e-01
   3.7561765e+01   5.1457574e-01   5.3144982e-01   5.4429946e-01   6.2629356e-01
   3.8320588e+01   5.0924931e-01   5.2628436e-01   5.3957477e-01   6.2357801e-01
   3.9079412e+01   5.0386188e-01   5.2088740e-01   5.3461964e-01   6.2071280e-01
   3.9838235e+01   4.9848486e-01   5.1525064e-01   5.2942005e-01   6.1768756e-01
   4.0597059e+01   4.9323391e-01   5.0936685e-01   5.2396101e-01   6.1449091e-01
   4.1355882e+01   4.8830370e-01   5.0323049e-01   5.1822645e-01   6.1111039e-01
   4.2114706e+01   4.8404365e-01   4.9683875e-01   5.1219919e-01   6.0753232e-01
   4.2873529e+01   4.8114447e-01   4.9019292e-01   5.0586088e-01   6.0374160e-01
   4.3632353e+01   4.8111709e-01   4.8330071e-01   4.9919198e-01   5.9972160e-01
   4.4391176e+01   4.8723968e-01   4.7617968e-01   4.9217175e-01   5.9545391e-01
   4.5150000e+01   5.0491283e-01   4.6886305e-01   4.8477827e-01   5.9091814e-01
   4.5908824e+01   5.3769887e-01   4.6140958e-01   4.7698855e-01   5.8609159e-01
   4.6667647e+01   5.7967536e-01   4.5392181e-01   4.6877869e-01   5.8094897e-01
   4.7426471e+01   6.1712356e-01   4.4658221e-01   4.6012426e-01   5.7546199e-01
   4.8185294e+01   6.4074202e-01   4.3973329e-01   4.5100087e-01   5.6959893e-01
   4.8944118e+01   6.5055064e-01   4.3407906e-01   4.4138514e-01   5.6332404e-01
   4.9702941e+01   6.5108310e-01   4.3120809e-01   4.3125635e-01   5.5659694e-01
   5.0461765e+01   6.4637707e-01   4.3460852e-01   4.2059927e-01   5.4937178e-01
   5.1220588e+01   6.3866330e-01   4.4990395e-01   4.0940907e-01   5.4159630e-01
   5.1979412e+01   6.2897440e-01   4.8029977e-01   3.9770029e-01   5.3321058e-01
   5.2738235e+01   6.1778002e-01   5.1876717e-01   3.8552393e-01   5.2414555e-01
   5.3497059e+01   6.0529097e-01   5.5093920e-01   3.7300297e-01   5.1432109e-01
   5.4255882e+01   5.9158247e-01   5.6794274e-01   3.6041392e-01   5.0364356e-01
   5.5014706e+01   5.7664575e-01   5.7050842e-01   3.4840012e-01   4.9200255e-01
   5.5773529e+01   5.6041026e-01   5.6342578e-01   3.3854437e-01   4.7926664e-01
   5.6532353e+01   5.4275165e-01   5.5055288e-01   3.3448934e-01   4.6527748e-01
   5.7291176e+01   5.2349089e-01   5.3382415e-01   3.4210454e-01   4.4984158e-01
   5.8050000e+01   5.0238607e-01   5.1398164e-01   3.6424516e-01   4.3271826e-01
   5.8808824e+01   4.7911550e-01   4.9118369e-01   3.9248450e-01   4.1360157e-01
   5.9567647e+01   4.5324816e-01   4.6525589e-01   4.1112929e-01   3.9209166e-01
   6.0326471e+01   4.2419186e-01   4.3575132e-01   4.1102969e-01   3.6764663e-01
   6.1085294e+01   3.9109842e-01   4.0190274e-01   3.9304241e-01   3.3949595e-01
   6.1844118e+01   3.5267396e-01   3.6245234e-01   3.6128700e-01   3.0646857e-01
   6.2602941e+01   3.0674764e-01   3.1522247e-01   3.1755279e-01   2.6660415e-01
   6.3361765e+01   2.4907199e-01   2.5589259e-01   2.5942160e-01   2.1607734e-01
   6.4120588e+01   1.6856048e-01   1.7311753e-01   1.7620463e-01   1.4492676e-01
