  -9.9166667e-01   6.0818129e-03
  -9.7500000e-01   9.2657351e-03
  -9.5833333e-01   1.1771738e-02
  -9.4166667e-01   1.3968657e-02
  -9.2500000e-01   1.5995781e-02
  -9.0833333e-01   1.7924089e-02
  -8.9166667e-01   1.9796385e-02
  -8.7500000e-01   2.1641592e-02
  -8.5833333e-01   2.3481006e-02
  -8.4166667e-01   2.5331438e-02
  -8.2500000e-01   2.7206952e-02
  -8.0833333e-01   2.9119913e-02
  -7.9166667e-01   3.1081661e-02
  -7.7500000e-01   3.3102978e-02
  -7.5833333e-01   3.5194424e-02
  -7.4166667e-01   3.7366608e-02
  -7.2500000e-01   3.9630410e-02
  -7.0833333e-01   4.1997183e-02
  -6.9166667e-01   4.4478948e-02
  -6.7500000e-01   4.7088590e-02
  -6.5833333e-01   4.9840067e-02
  -6.4166667e-01   5.2748643e-02
  -6.2500000e-01   5.5831158e-02
  -6.0833333e-01   5.9106336e-02
  -5.9166667e-01   6.2595166e-02
  -5.7500000e-01   6.6321358e-02
  -5.5833333e-01   7.0311919e-02
  -5.4166667e-01   7.4597876e-02
  -5.2500000e-01   7.9215210e-02
  -5.0833333e-01   8.4206075e-02
  -4.9166667e-01   8.9620436e-02
  -4.7500000e-01   9.5518308e-02
  -4.5833333e-01   1.0197289e-01
  -4.4166667e-01   1.0907513e-01
  -4.2500000e-01   1.1694052e-01
  -4.0833333e-01   1.2571994e-01
  -3.9166667e-01   1.3561762e-01
  -3.7500000e-01   1.4692385e-01
  -3.5833333e-01   1.6008165e-01
  -3.4166667e-01   1.7584918e-01
  -3.2500000e-01   1.9584782e-01
  -3.0833333e-01   3.2662088e-01
  -2.9166667e-01   4.1698038e-01
  -2.7500000e-01   4.8546750e-01
  -2.5833333e-01   5.3374746e-01
  -2.4166667e-01   5.6491767e-01
  -2.2500000e-01   5.8285002e-01
  -2.0833333e-01   5.9323047e-01
  -1.9166667e-01   5.8801332e-01
  -1.7500000e-01   5.7432372e-01
  -1.5833333e-01   5.5020286e-01
  -1.4166667e-01   5.1739143e-01
  -1.2500000e-01   4.7855230e-01
  -1.0833333e-01   4.3303857e-01
  -9.1666667e-02   3.8299112e-01
  -7.5000000e-02   3.2635461e-01
  -5.8333333e-02   2.5853094e-01
  -4.1666667e-02   1.5596168e-01
  -2.5000000e-02   8.8249836e-02
  -8.3333333e-03   2.8725928e-02
   8.3333333e-03  -2.8725928e-02
   2.5000000e-02  -8.8249836e-02
   4.1666667e-02  -1.5596168e-01
   5.8333333e-02  -2.5853094e-01
   7.5000000e-02  -3.2635461e-01
   9.1666667e-02  -3.8299112e-01
   1.0833333e-01  -4.3303857e-01
   1.2500000e-01  -4.7855230e-01
   1.4166667e-01  -5.1739143e-01
   1.5833333e-01  -5.5020286e-01
   1.7500000e-01  -5.7432372e-01
   1.9166667e-01  -5.8801332e-01
   2.0833333e-01  -5.9323047e-01
   2.2500000e-01  -5.8285002e-01
   2.4166667e-01  -5.6491767e-01
   2.5833333e-01  -5.3374746e-01
   2.7500000e-01  -4.8546750e-01
   2.9166667e-01  -4.1698038e-01
   3.0833333e-01  -3.2662088e-01
   3.2500000e-01  -1.9584782e-01
   3.4166667e-01  -1.7584918e-01
   3.5833333e-01  -1.6008165e-01
   3.7500000e-01  -1.4692385e-01
   3.9166667e-01  -1.3561762e-01
   4.0833333e-01  -1.2571994e-01
   4.2500000e-01  -1.1694052e-01
   4.4166667e-01  -1.0907513e-01
   4.5833333e-01  -1.0197289e-01
   4.7500000e-01  -9.5518308e-02
   4.9166667e-01  -8.9620436e-02
   5.0833333e-01  -8.4206075e-02
   5.2500000e-01  -7.9215210e-02
   5.4166667e-01  -7.4597876e-02
   5.5833333e-01  -7.0311919e-02
   5.7500000e-01  -6.6321358e-02
   5.9166667e-01  -6.2595166e-02
   6.0833333e-01  -5.9106336e-02
   6.2500000e-01  -5.5831158e-02
   6.4166667e-01  -5.2748643e-02
   6.5833333e-01  -4.9840067e-02
   6.7500000e-01  -4.7088590e-02
   6.9166667e-01  -4.4478948e-02
   7.0833333e-01  -4.1997183e-02
   7.2500000e-01  -3.9630410e-02
   7.4166667e-01  -3.7366608e-02
   7.5833333e-01  -3.5194424e-02
   7.7500000e-01  -3.3102978e-02
   7.9166667e-01  -3.1081661e-02
   8.0833333e-01  -2.9119913e-02
   8.2500000e-01  -2.7206952e-02
   8.4166667e-01  -2.5331438e-02
   8.5833333e-01  -2.3481006e-02
   8.7500000e-01  -2.1641592e-02
   8.9166667e-01  -1.9796385e-02
   9.0833333e-01  -1.7924089e-02
   9.2500000e-01  -1.5995781e-02
   9.4166667e-01  -1.3968657e-02
   9.5833333e-01  -1.1771738e-02
   9.7500000e-01  -9.2657351e-03
   9.9166667e-01  -6.0818129e-03
