 -0.16102E-06  0.69147     -0.14105E-08  -180.00    
  0.60886E-03  0.69147      0.53335E-05   179.24    
  0.12179E-02  0.69152      0.10667E-04   178.49    
  0.18269E-02  0.69151      0.16000E-04   177.73    
  0.24359E-02  0.69152      0.21333E-04   176.97    
  0.30449E-02  0.69152      0.26664E-04   176.22    
  0.36540E-02  0.69152      0.31995E-04   175.46    
  0.42630E-02  0.69153      0.37326E-04   174.71    
  0.48720E-02  0.69153      0.42647E-04   173.96    
  0.54820E-02  0.69154      0.48013E-04   173.21    
  0.61483E-02  0.69154      0.53808E-04   172.40    
  0.69981E-02  0.69155      0.61228E-04   171.36    
  0.81489E-02  0.69155      0.71323E-04   169.97    
  0.97052E-02  0.69157      0.84887E-04   168.10    
  0.11807E-01  0.69158      0.10324E-03   165.62    
  0.14638E-01  0.69158      0.12809E-03   162.37    
  0.18442E-01  0.69160      0.16126E-03   158.18    
  0.23532E-01  0.69161      0.20583E-03   152.94    
  0.30308E-01  0.69160      0.26536E-03   146.66    
  0.39265E-01  0.69159      0.34405E-03   139.55    
  0.50998E-01  0.69153      0.44744E-03   132.09    
  0.66184E-01  0.69141      0.58260E-03   124.84    
  0.85540E-01  0.69119      0.75605E-03   118.30    
  0.10974      0.69073      0.97627E-03   112.77    
  0.13927      0.68998      0.12501E-02   108.30    
  0.17429      0.68882      0.15838E-02   104.80    
  0.21441      0.68702      0.19825E-02   102.12    
  0.25865      0.68448      0.24425E-02   100.10    
  0.30540      0.68110      0.29576E-02   98.577    
  0.35266      0.67687      0.35135E-02   97.441    
  0.39835      0.67190      0.40912E-02   96.596    
  0.44062      0.66641      0.46648E-02   95.968    
  0.47819      0.66065      0.52135E-02   95.502    
  0.51038      0.65497      0.57145E-02   95.157    
  0.53711      0.64969      0.61532E-02   94.902    
  0.55873      0.64493      0.65242E-02   94.713    
  0.57584      0.64085      0.68282E-02   94.574    
  0.58915      0.63746      0.70789E-02   94.471    
  0.59937      0.63473      0.72751E-02   94.395    
  0.60713      0.63255      0.74223E-02   94.339    
  0.61298      0.63086      0.75394E-02   94.298    
  0.61762      0.62946      0.76348E-02   94.265    
  0.62189      0.62819      0.77165E-02   94.236    
  0.62612      0.62691      0.78029E-02   94.208    
  0.63033      0.62561      0.78871E-02   94.180    
  0.63452      0.62430      0.79719E-02   94.152    
  0.63868      0.62297      0.80575E-02   94.125    
  0.64282      0.62163      0.81432E-02   94.099    
  0.64693      0.62028      0.82294E-02   94.073    
  0.65102      0.61890      0.83157E-02   94.047    
  0.65510      0.61751      0.84024E-02   94.022    
  0.65915      0.61610      0.84893E-02   93.998    
  0.66318      0.61467      0.85765E-02   93.973    
  0.66719      0.61321      0.86640E-02   93.950    
  0.67119      0.61174      0.87518E-02   93.926    
  0.67517      0.61025      0.88399E-02   93.903    
  0.67913      0.60874      0.89282E-02   93.880    
  0.68308      0.60720      0.90169E-02   93.858    
  0.68701      0.60564      0.91057E-02   93.836    
  0.69093      0.60406      0.91949E-02   93.814    
  0.69483      0.60246      0.92844E-02   93.793    
  0.69872      0.60082      0.93741E-02   93.772    
  0.70260      0.59917      0.94642E-02   93.751    
  0.70647      0.59748      0.95544E-02   93.731    
  0.71032      0.59577      0.96450E-02   93.710    
  0.71417      0.59402      0.97355E-02   93.690    
  0.71800      0.59224      0.98255E-02   93.671    
  0.72183      0.59044      0.99169E-02   93.651    
  0.72565      0.58860      0.10008E-01   93.632    
  0.72946      0.58674      0.10100E-01   93.613    
  0.73327      0.58484      0.10192E-01   93.595    
  0.73706      0.58290      0.10284E-01   93.576    
  0.74085      0.58092      0.10376E-01   93.558    
  0.74464      0.57891      0.10468E-01   93.540    
  0.74842      0.57686      0.10561E-01   93.522    
  0.75220      0.57477      0.10653E-01   93.504    
  0.75597      0.57263      0.10746E-01   93.487    
  0.75974      0.57045      0.10839E-01   93.470    
  0.76351      0.56822      0.10932E-01   93.453    
  0.76728      0.56595      0.11024E-01   93.436    
  0.77104      0.56363      0.11117E-01   93.419    
  0.77481      0.56125      0.11210E-01   93.402    
  0.77857      0.55882      0.11303E-01   93.386    
  0.78234      0.55634      0.11396E-01   93.370    
  0.78611      0.55379      0.11488E-01   93.354    
  0.78987      0.55120      0.11581E-01   93.338    
  0.79364      0.54852      0.11672E-01   93.322    
  0.79742      0.54577      0.11762E-01   93.306    
  0.80120      0.54297      0.11853E-01   93.291    
  0.80498      0.54010      0.11944E-01   93.275    
  0.80876      0.53716      0.12035E-01   93.260    
  0.81255      0.53414      0.12125E-01   93.245    
  0.81635      0.53104      0.12215E-01   93.230    
  0.82015      0.52785      0.12304E-01   93.215    
  0.82397      0.52457      0.12393E-01   93.200    
  0.82778      0.52120      0.12481E-01   93.185    
  0.83161      0.51774      0.12568E-01   93.170    
  0.83545      0.51417      0.12654E-01   93.156    
  0.83929      0.51049      0.12739E-01   93.142    
  0.84315      0.50671      0.12823E-01   93.127    
  0.84702      0.50280      0.12906E-01   93.113    
  0.85090      0.49877      0.12988E-01   93.099    
  0.85479      0.49461      0.13068E-01   93.085    
  0.85869      0.49031      0.13146E-01   93.071    
  0.86261      0.48587      0.13224E-01   93.057    
  0.86654      0.48127      0.13299E-01   93.043    
  0.87049      0.47653      0.13375E-01   93.029    
  0.87445      0.47158      0.13444E-01   93.015    
  0.87843      0.46641      0.13507E-01   93.002    
  0.88242      0.46110      0.13575E-01   92.988    
  0.88644      0.45559      0.13642E-01   92.975    
  0.89047      0.44987      0.13708E-01   92.961    
  0.89452      0.44392      0.13773E-01   92.948    
  0.89859      0.43773      0.13836E-01   92.935    
  0.90269      0.43128      0.13900E-01   92.921    
  0.90680      0.42455      0.13963E-01   92.908    
  0.91094      0.41753      0.14028E-01   92.895    
  0.91510      0.41020      0.14096E-01   92.882    
  0.91928      0.40253      0.14168E-01   92.869    
  0.92349      0.39451      0.14247E-01   92.856    
  0.92773      0.38612      0.14333E-01   92.843    
  0.93199      0.37731      0.14438E-01   92.830    
  0.93630      0.36807      0.14570E-01   92.817    
  0.94068      0.35826      0.14722E-01   92.804    
  0.94514      0.34796      0.14923E-01   92.790    
  0.94959      0.33718      0.15136E-01   92.777    
  0.95398      0.32652      0.15481E-01   92.764    
  0.95826      0.31583      0.15897E-01   92.752    
  0.96236      0.30529      0.16456E-01   92.740    
  0.96625      0.29413      0.17070E-01   92.729    
  0.96989      0.28302      0.17821E-01   92.719    
  0.97326      0.27198      0.18711E-01   92.710    
  0.97634      0.26091      0.19668E-01   92.701    
  0.97914      0.25084      0.21001E-01   92.694    
  0.98165      0.24416      0.23353E-01   92.687    
  0.98389      0.24560      0.28103E-01   92.681    
  0.98587      0.25783      0.35941E-01   92.675    
  0.98762      0.27903      0.46311E-01   92.670    
  0.98915      0.29159      0.53945E-01   92.666    
  0.99047      0.29360      0.58294E-01   92.663    
  0.99163      0.28404      0.59099E-01   92.660    
  0.99262      0.26993      0.58482E-01   92.657    
  0.99348      0.25486      0.57561E-01   92.655    
  0.99414      0.23749      0.56060E-01   92.653    
  0.99460      0.22307      0.55244E-01   92.652    
  0.99493      0.20665      0.54203E-01   92.651    
  0.99511      0.18904      0.53058E-01   92.650    
  0.99525      0.17435      0.52603E-01   92.650    
  0.99534      0.15070      0.51039E-01   92.650    
  0.99539      0.14045      0.51191E-01   92.650    
  0.99542      0.11384      0.49416E-01   92.650    
  0.99543      0.75849E-01  0.46596E-01   92.650    
  0.99543      0.80801E-01  0.46913E-01   92.650    
  0.99544      0.63365E-01  0.45068E-01   92.649    
  0.99544      0.55088E-01  0.43986E-01   92.649    
  0.99545      0.43811E-01  0.42468E-01   92.649    
  0.99545      0.35183E-01  0.41072E-01   92.649    
  0.99546      0.26544E-01  0.39502E-01   92.649    
  0.99546      0.19439E-01  0.37907E-01   92.649    
  0.99547      0.13078E-01  0.36211E-01   92.649    
  0.99547      0.79010E-02  0.34467E-01   92.649    
  0.99548      0.36811E-02  0.32649E-01   92.649    
  0.99548      0.36709E-03  0.30736E-01   92.649    
  0.99549     -0.19554E-02  0.28752E-01   92.649    
  0.99549     -0.37458E-02  0.26622E-01   92.649    
  0.99550     -0.44543E-02  0.24439E-01   92.649    
  0.99550     -0.56016E-02  0.22008E-01   92.649    
  0.99551     -0.46830E-02  0.19692E-01   92.649    
  0.99551     -0.80833E-02  0.16681E-01   92.649    
  0.99552      0.32234E-02  0.15427E-01   92.649    
  0.99552     -0.68120E-02  0.11512E-01   92.649    
  0.99553     -0.17752E-01  0.69583E-02   92.649    
  0.99553      0.13933E-02  0.62827E-02   92.649    
  0.99553     -0.58520E-02  0.23475E-02   92.649    
  0.99554     -0.83946E-15 -0.12137E-14   92.649    
