   1.9756477e-01   2.0741390e+01   1.9279868e-01   2.0424700e+01   1.8612404e-01   2.0940294e+01   1.8492205e-01   2.1055832e+01
   2.4695596e-01   1.8089698e+01   2.4099835e-01   1.7652295e+01   2.3265505e-01   1.8032308e+01   2.3115256e-01   1.8129239e+01
   2.9634715e-01   1.6685315e+01   2.8919801e-01   1.6143342e+01   2.7918606e-01   1.6405843e+01   2.7738308e-01   1.6488683e+01
   3.4573834e-01   1.5843055e+01   3.3739768e-01   1.5211172e+01   3.2571706e-01   1.5360455e+01   3.2361359e-01   1.5430621e+01
   3.9512953e-01   1.5308197e+01   3.8559735e-01   1.4597941e+01   3.7224807e-01   1.4633317e+01   3.6984410e-01   1.4690855e+01
   4.4452072e-01   1.4836734e+01   4.3379702e-01   1.4072038e+01   4.1877908e-01   1.3995939e+01   4.1607461e-01   1.4040189e+01
   4.9391192e-01   1.4438417e+01   4.8199669e-01   1.3634754e+01   4.6531009e-01   1.3450197e+01   4.6230513e-01   1.3480473e+01
   5.4330311e-01   1.4006124e+01   5.3019636e-01   1.3187159e+01   5.1184110e-01   1.2903869e+01   5.0853564e-01   1.2919734e+01
   5.9269430e-01   1.3498031e+01   5.7839603e-01   1.2689651e+01   5.5837211e-01   1.2323556e+01   5.5476615e-01   1.2325166e+01
   6.4208549e-01   1.3004492e+01   6.2659570e-01   1.2217178e+01   6.0490312e-01   1.1779841e+01   6.0099666e-01   1.1767378e+01
   6.9147668e-01   1.2326295e+01   6.7479537e-01   1.1594608e+01   6.5143413e-01   1.1116839e+01   6.4722718e-01   1.1092308e+01
   7.4086787e-01   1.1681210e+01   7.2299504e-01   1.1007037e+01   6.9796514e-01   1.0501309e+01   6.9345769e-01   1.0465717e+01
   7.9025906e-01   1.0905110e+01   7.7119471e-01   1.0309193e+01   7.4449615e-01   9.8044819e+00   7.3968820e-01   9.7607970e+00
   8.3965026e-01   9.8758800e+00   8.1939437e-01   9.3889063e+00   7.9102716e-01   8.9283428e+00   7.8591871e-01   8.8819005e+00
   8.8904145e-01   8.3682057e+00   8.6759404e-01   8.0337159e+00   8.3755817e-01   7.6820358e+00   8.3214923e-01   7.6421385e+00
   9.3843264e-01   5.9640484e+00   9.1579371e-01   5.8264025e+00   8.8408918e-01   5.6651541e+00   8.7837974e-01   5.6456783e+00
   9.7794559e-01   2.8527466e+00   9.5435345e-01   2.8555830e+00   9.2131398e-01   2.8609290e+00   9.1536415e-01   2.8635033e+00
