   1.9756477e-01   1.2366413e+00   1.9279868e-01   1.2886735e+00   1.8612404e-01   1.2990216e+00   1.8492205e-01   1.2996078e+00
   2.4695596e-01   1.2425625e+00   2.4099835e-01   1.3070009e+00   2.3265505e-01   1.3234304e+00   2.3115256e-01   1.3244163e+00
   2.9634715e-01   1.2585702e+00   2.8919801e-01   1.3354868e+00   2.7918606e-01   1.3600178e+00   2.7738308e-01   1.3615889e+00
   3.4573834e-01   1.2799051e+00   3.3739768e-01   1.3688485e+00   3.2571706e-01   1.4034839e+00   3.2361359e-01   1.4058640e+00
   3.9512953e-01   1.3051835e+00   3.8559735e-01   1.4056487e+00   3.7224807e-01   1.4523798e+00   3.6984410e-01   1.4558376e+00
   4.4452072e-01   1.3300778e+00   4.3379702e-01   1.4403513e+00   4.1877908e-01   1.5004511e+00   4.1607461e-01   1.5052493e+00
   4.9391192e-01   1.3555659e+00   4.8199669e-01   1.4744224e+00   4.6531009e-01   1.5490608e+00   4.6230513e-01   1.5554958e+00
   5.4330311e-01   1.3782500e+00   5.3019636e-01   1.5035182e+00   5.1184110e-01   1.5928526e+00   5.0853564e-01   1.6011692e+00
   5.9269430e-01   1.3958289e+00   5.7839603e-01   1.5248081e+00   5.5837211e-01   1.6279588e+00   5.5476615e-01   1.6383197e+00
   6.4208549e-01   1.4114854e+00   6.2659570e-01   1.5427666e+00   6.0490312e-01   1.6592267e+00   6.0099666e-01   1.6718312e+00
   6.9147668e-01   1.4153759e+00   6.7479537e-01   1.5446909e+00   6.5143413e-01   1.6707264e+00   6.4722718e-01   1.6853999e+00
   7.4086787e-01   1.4171043e+00   7.2299504e-01   1.5435182e+00   6.9796514e-01   1.6777529e+00   6.9345769e-01   1.6945314e+00
   7.9025906e-01   1.4080426e+00   7.7119471e-01   1.5282457e+00   7.4449615e-01   1.6662837e+00   7.3968820e-01   1.6847688e+00
   8.3965026e-01   1.3809645e+00   8.1939437e-01   1.4899373e+00   7.9102716e-01   1.6243897e+00   7.8591871e-01   1.6436368e+00
   8.8904145e-01   1.3243577e+00   8.6759404e-01   1.4143956e+00   8.3755817e-01   1.5330577e+00   8.3214923e-01   1.5511753e+00
   9.3843264e-01   1.2229879e+00   9.1579371e-01   1.2830401e+00   8.8408918e-01   1.3671389e+00   8.7837974e-01   1.3808032e+00
   9.7794559e-01   1.0991069e+00   9.5435345e-01   1.1251568e+00   9.2131398e-01   1.1633248e+00   9.1536415e-01   1.1698320e+00
