  -9.8333333e-01   6.9437553e-02   6.6944676e-02
  -9.5000000e-01   1.3051741e-01   1.2545295e-01
  -9.1666667e-01   1.7198553e-01   1.6491401e-01
  -8.8333333e-01   2.0400173e-01   1.9512319e-01
  -8.5000000e-01   2.3023473e-01   2.1961317e-01
  -8.1666667e-01   2.5248953e-01   2.4011562e-01
  -7.8333333e-01   2.7181871e-01   2.5763285e-01
  -7.5000000e-01   2.8890764e-01   2.7280913e-01
  -7.1666667e-01   3.0423942e-01   2.8608935e-01
  -6.8333333e-01   3.1817654e-01   2.9779692e-01
  -6.5000000e-01   3.3100580e-01   3.0817611e-01
  -6.1666667e-01   3.4296562e-01   3.1741681e-01
  -5.8333333e-01   3.5426413e-01   3.2567002e-01
  -5.5000000e-01   3.6509267e-01   3.3305791e-01
  -5.1666667e-01   3.7563698e-01   3.3968074e-01
  -4.8333333e-01   3.8608798e-01   3.4562164e-01
  -4.5000000e-01   3.9665274e-01   3.5095020e-01
  -4.1666667e-01   4.0756386e-01   3.5572505e-01
  -3.8333333e-01   4.1906867e-01   3.5999584e-01
  -3.5000000e-01   4.3124543e-01   3.6380477e-01
  -3.1666667e-01   4.4078021e-01   3.6718778e-01
  -2.8333333e-01   5.9810869e-01   3.7017550e-01
  -2.5000000e-01   6.9080809e-01   3.7279398e-01
  -2.1666667e-01   7.2603179e-01   3.7506533e-01
  -1.8333333e-01   7.3285347e-01   3.7700815e-01
  -1.5000000e-01   7.1515491e-01   3.7863795e-01
  -1.1666667e-01   6.9118996e-01   3.7996749e-01
  -8.3333333e-02   4.8781824e-01   3.8100695e-01
  -5.0000000e-02   4.4810119e-01   3.8176419e-01
  -1.6666667e-02   3.9630036e-01   3.8224486e-01
   1.6666667e-02   3.6818936e-01   3.8224486e-01
   5.0000000e-02   3.1542719e-01   3.8176419e-01
   8.3333333e-02   2.7419567e-01   3.8100695e-01
   1.1666667e-01   2.3657953e-01   3.7996749e-01
   1.5000000e-01   2.4682994e-01   3.7863795e-01
   1.8333333e-01   2.5558959e-01   3.7700815e-01
   2.1666667e-01   2.7454441e-01   3.7506533e-01
   2.5000000e-01   3.0350271e-01   3.7279398e-01
   2.8333333e-01   3.3376393e-01   3.7017550e-01
   3.1666667e-01   2.9359536e-01   3.6718778e-01
   3.5000000e-01   2.9636412e-01   3.6380477e-01
   3.8333333e-01   3.0092302e-01   3.5999584e-01
   4.1666667e-01   3.0388624e-01   3.5572505e-01
   4.5000000e-01   3.0524766e-01   3.5095020e-01
   4.8333333e-01   3.0515530e-01   3.4562164e-01
   5.1666667e-01   3.0372449e-01   3.3968074e-01
   5.5000000e-01   3.0102316e-01   3.3305791e-01
   5.8333333e-01   2.9707590e-01   3.2567002e-01
   6.1666667e-01   2.9186800e-01   3.1741681e-01
   6.5000000e-01   2.8534641e-01   3.0817611e-01
   6.8333333e-01   2.7741731e-01   2.9779692e-01
   7.1666667e-01   2.6793928e-01   2.8608935e-01
   7.5000000e-01   2.5671063e-01   2.7280913e-01
   7.8333333e-01   2.4344698e-01   2.5763285e-01
   8.1666667e-01   2.2774171e-01   2.4011562e-01
   8.5000000e-01   2.0899162e-01   2.1961317e-01
   8.8333333e-01   1.8624464e-01   1.9512319e-01
   9.1666667e-01   1.5784249e-01   1.6491401e-01
   9.5000000e-01   1.2038849e-01   1.2545295e-01
   9.8333333e-01   6.4451799e-02   6.6944676e-02
